10 10
 0.00  0.13  0.76  0.46  0.53  0.22  0.05  0.68  0.68  0.93 
 0.38  0.52  0.83  0.03  0.05  0.53  0.67  0.01  0.38  0.07 
 0.42  0.69  0.59  0.93  0.85  0.53  0.09  0.65  0.42  0.70 
 0.91  0.76  0.26  0.05  0.74  0.33  0.63  0.76  0.99  0.37 
 0.25  0.98  0.72  0.75  0.65  0.07  0.63  0.88  0.27  0.44 
 0.77  0.48  0.24  0.27  0.36  0.17  0.49  0.90  0.91  0.06 
 0.90  0.50  0.52  0.32  0.99  0.49  0.27  0.09  0.95  0.07 
 0.50  0.38  0.28  0.91  0.53  0.46  0.94  0.05  0.76  0.77 
 0.83  0.13  0.02  0.69  0.87  0.63  0.74  0.73  1.00  0.89 
 0.23  0.31  0.35  0.51  0.59  0.85  0.41  0.84  0.27  0.42 
